# unix_time, cycles_done, cur_path, paths_total, pending_total, pending_favs, map_size, unique_crashes, unique_hangs, max_depth, execs_per_sec
1604924963, 0, 1, 44, 44, 2, 1.85%, 0, 0, 4, 805.98
1604924968, 0, 1, 51, 51, 2, 1.85%, 0, 0, 4, 759.29
1604924973, 0, 2, 52, 51, 19, 1.85%, 0, 0, 4, 113.94
1604924988, 0, 2, 54, 53, 19, 1.85%, 0, 0, 4, 101.92
1604924994, 0, 2, 55, 54, 19, 1.85%, 0, 0, 4, 92.01
1604925004, 0, 2, 79, 78, 19, 2.20%, 0, 0, 4, 83.42
1604925009, 0, 2, 89, 88, 19, 2.24%, 0, 0, 4, 72.75
1604925024, 0, 2, 90, 89, 19, 2.43%, 0, 0, 4, 86.10
1604925030, 0, 2, 95, 94, 19, 2.44%, 0, 0, 4, 91.08
1604925060, 0, 2, 104, 103, 19, 2.44%, 0, 0, 4, 117.39
1604925091, 0, 2, 110, 109, 19, 2.44%, 0, 0, 4, 109.55
1604925122, 0, 2, 117, 116, 19, 2.44%, 0, 0, 4, 112.89
1604925152, 0, 2, 120, 119, 19, 2.44%, 0, 0, 4, 114.77
1604925178, 0, 2, 123, 122, 19, 2.44%, 0, 0, 4, 107.34
1604925209, 0, 2, 126, 125, 19, 2.44%, 0, 0, 4, 114.94
1604925240, 0, 2, 133, 132, 19, 2.44%, 0, 0, 4, 117.33
1604925265, 0, 2, 134, 133, 19, 2.44%, 0, 0, 4, 118.75
1604925270, 0, 2, 135, 134, 19, 2.44%, 0, 0, 4, 118.40
1604925296, 0, 2, 136, 135, 19, 2.44%, 0, 0, 4, 106.94
